{
 "cells": [
  {
   "cell_type": "code",
   "execution_count": 22,
   "id": "ff4fd230",
   "metadata": {},
   "outputs": [],
   "source": [
    "import torch"
   ]
  },
  {
   "cell_type": "code",
   "execution_count": 26,
   "id": "37847184",
   "metadata": {},
   "outputs": [],
   "source": [
    "# data\n",
    "y = \"\"\"\n",
    "13.26 14.15 13.86 14.81 15.68 15.64 15.58 15.67 16.08 16.36 16.14\n",
    "16.68 16.00 15.66 16.05 16.22 16.17 16.03 16.69 15.83 16.21 16.13\n",
    "16.36 16.42 16.92 16.65 16.94 17.47 18.07 17.52\n",
    "\"\"\"\n",
    "x = \"\"\"\n",
    "1.00 1.13 1.27 1.41 1.55 1.68 1.82 1.96 2.10 2.24 2.37 2.51 2.65 ..\n",
    "2.79 2.93 3.06 3.20 3.34 3.48 3.62 3.75 3.89 4.03 ..\n",
    "4.17 4.31 4.44 4.58 4.72 4.86 5.00\n",
    "\"\"\""
   ]
  },
  {
   "cell_type": "code",
   "execution_count": 34,
   "id": "77955100",
   "metadata": {},
   "outputs": [],
   "source": [
    "y_val = torch.tensor([[float(i) for i in y.split() if i not in ('..')]])\n",
    "x_val = torch.tensor([[float(i) for i in x.split() if i not in ('..')]])"
   ]
  },
  {
   "cell_type": "code",
   "execution_count": 37,
   "id": "cfb9ff9f",
   "metadata": {},
   "outputs": [
    {
     "data": {
      "text/plain": [
       "tensor([[175.8276, 187.6290, 183.7836, 196.3806, 207.9168, 207.3864, 206.5908,\n",
       "         207.7842, 213.2208, 216.9336, 214.0164, 221.1768, 212.1600, 207.6516,\n",
       "         212.8230, 215.0772, 214.4142, 212.5578, 221.3094, 209.9058, 214.9446,\n",
       "         213.8838, 216.9336, 217.7292, 224.3592, 220.7790, 224.6244, 231.6522,\n",
       "         239.6082, 232.3152],\n",
       "        [187.6290, 200.2225, 196.1190, 209.5615, 221.8720, 221.3060, 220.4570,\n",
       "         221.7305, 227.5320, 231.4940, 228.3810, 236.0220, 226.4000, 221.5890,\n",
       "         227.1075, 229.5130, 228.8055, 226.8245, 236.1635, 223.9945, 229.3715,\n",
       "         228.2395, 231.4940, 232.3430, 239.4180, 235.5975, 239.7010, 247.2005,\n",
       "         255.6905, 247.9080],\n",
       "        [183.7836, 196.1190, 192.0996, 205.2666, 217.3248, 216.7704, 215.9388,\n",
       "         217.1862, 222.8688, 226.7496, 223.7004, 231.1848, 221.7600, 217.0476,\n",
       "         222.4530, 224.8092, 224.1162, 222.1758, 231.3234, 219.4038, 224.6706,\n",
       "         223.5618, 226.7496, 227.5812, 234.5112, 230.7690, 234.7884, 242.1342,\n",
       "         250.4502, 242.8272],\n",
       "        [196.3806, 209.5615, 205.2666, 219.3361, 232.2208, 231.6284, 230.7398,\n",
       "         232.0727, 238.1448, 242.2916, 239.0334, 247.0308, 236.9600, 231.9246,\n",
       "         237.7005, 240.2182, 239.4777, 237.4043, 247.1789, 234.4423, 240.0701,\n",
       "         238.8853, 242.2916, 243.1802, 250.5852, 246.5865, 250.8814, 258.7307,\n",
       "         267.6167, 259.4712],\n",
       "        [207.9168, 221.8720, 217.3248, 232.2208, 245.8624, 245.2352, 244.2944,\n",
       "         245.7056, 252.1344, 256.5248, 253.0752, 261.5424, 250.8800, 245.5488,\n",
       "         251.6640, 254.3296, 253.5456, 251.3504, 261.6992, 248.2144, 254.1728,\n",
       "         252.9184, 256.5248, 257.4656, 265.3056, 261.0720, 265.6192, 273.9296,\n",
       "         283.3376, 274.7136],\n",
       "        [207.3864, 221.3060, 216.7704, 231.6284, 245.2352, 244.6096, 243.6712,\n",
       "         245.0788, 251.4912, 255.8704, 252.4296, 260.8752, 250.2400, 244.9224,\n",
       "         251.0220, 253.6808, 252.8988, 250.7092, 261.0316, 247.5812, 253.5244,\n",
       "         252.2732, 255.8704, 256.8088, 264.6288, 260.4060, 264.9416, 273.2308,\n",
       "         282.6148, 274.0128],\n",
       "        [206.5908, 220.4570, 215.9388, 230.7398, 244.2944, 243.6712, 242.7364,\n",
       "         244.1386, 250.5264, 254.8888, 251.4612, 259.8744, 249.2800, 243.9828,\n",
       "         250.0590, 252.7076, 251.9286, 249.7474, 260.0302, 246.6314, 252.5518,\n",
       "         251.3054, 254.8888, 255.8236, 263.6136, 259.4070, 263.9252, 272.1826,\n",
       "         281.5306, 272.9616],\n",
       "        [207.7842, 221.7305, 217.1862, 232.0727, 245.7056, 245.0788, 244.1386,\n",
       "         245.5489, 251.9736, 256.3612, 252.9138, 261.3756, 250.7200, 245.3922,\n",
       "         251.5035, 254.1674, 253.3839, 251.1901, 261.5323, 248.0561, 254.0107,\n",
       "         252.7571, 256.3612, 257.3014, 265.1364, 260.9055, 265.4498, 273.7549,\n",
       "         283.1569, 274.5384],\n",
       "        [213.2208, 227.5320, 222.8688, 238.1448, 252.1344, 251.4912, 250.5264,\n",
       "         251.9736, 258.5664, 263.0688, 259.5312, 268.2144, 257.2800, 251.8128,\n",
       "         258.0840, 260.8176, 260.0136, 257.7624, 268.3752, 254.5464, 260.6568,\n",
       "         259.3704, 263.0688, 264.0336, 272.0736, 267.7320, 272.3952, 280.9176,\n",
       "         290.5656, 281.7216],\n",
       "        [216.9336, 231.4940, 226.7496, 242.2916, 256.5248, 255.8704, 254.8888,\n",
       "         256.3612, 263.0688, 267.6496, 264.0504, 272.8848, 261.7600, 256.1976,\n",
       "         262.5780, 265.3592, 264.5412, 262.2508, 273.0484, 258.9788, 265.1956,\n",
       "         263.8868, 267.6496, 268.6312, 276.8112, 272.3940, 277.1384, 285.8092,\n",
       "         295.6252, 286.6272],\n",
       "        [214.0164, 228.3810, 223.7004, 239.0334, 253.0752, 252.4296, 251.4612,\n",
       "         252.9138, 259.5312, 264.0504, 260.4996, 269.2152, 258.2400, 252.7524,\n",
       "         259.0470, 261.7908, 260.9838, 258.7242, 269.3766, 255.4962, 261.6294,\n",
       "         260.3382, 264.0504, 265.0188, 273.0888, 268.7310, 273.4116, 281.9658,\n",
       "         291.6498, 282.7728],\n",
       "        [221.1768, 236.0220, 231.1848, 247.0308, 261.5424, 260.8752, 259.8744,\n",
       "         261.3756, 268.2144, 272.8848, 269.2152, 278.2224, 266.8800, 261.2088,\n",
       "         267.7140, 270.5496, 269.7156, 267.3804, 278.3892, 264.0444, 270.3828,\n",
       "         269.0484, 272.8848, 273.8856, 282.2256, 277.7220, 282.5592, 291.3996,\n",
       "         301.4076, 292.2336],\n",
       "        [212.1600, 226.4000, 221.7600, 236.9600, 250.8800, 250.2400, 249.2800,\n",
       "         250.7200, 257.2800, 261.7600, 258.2400, 266.8800, 256.0000, 250.5600,\n",
       "         256.8000, 259.5200, 258.7200, 256.4800, 267.0400, 253.2800, 259.3600,\n",
       "         258.0800, 261.7600, 262.7200, 270.7200, 266.4000, 271.0400, 279.5200,\n",
       "         289.1200, 280.3200],\n",
       "        [207.6516, 221.5890, 217.0476, 231.9246, 245.5488, 244.9224, 243.9828,\n",
       "         245.3922, 251.8128, 256.1976, 252.7524, 261.2088, 250.5600, 245.2356,\n",
       "         251.3430, 254.0052, 253.2222, 251.0298, 261.3654, 247.8978, 253.8486,\n",
       "         252.5958, 256.1976, 257.1372, 264.9672, 260.7390, 265.2804, 273.5802,\n",
       "         282.9762, 274.3632],\n",
       "        [212.8230, 227.1075, 222.4530, 237.7005, 251.6640, 251.0220, 250.0590,\n",
       "         251.5035, 258.0840, 262.5780, 259.0470, 267.7140, 256.8000, 251.3430,\n",
       "         257.6025, 260.3310, 259.5285, 257.2815, 267.8745, 254.0715, 260.1705,\n",
       "         258.8865, 262.5780, 263.5410, 271.5660, 267.2325, 271.8870, 280.3935,\n",
       "         290.0235, 281.1960],\n",
       "        [215.0772, 229.5130, 224.8092, 240.2182, 254.3296, 253.6808, 252.7076,\n",
       "         254.1674, 260.8176, 265.3592, 261.7908, 270.5496, 259.5200, 254.0052,\n",
       "         260.3310, 263.0884, 262.2774, 260.0066, 270.7118, 256.7626, 262.9262,\n",
       "         261.6286, 265.3592, 266.3324, 274.4424, 270.0630, 274.7668, 283.3634,\n",
       "         293.0954, 284.1744],\n",
       "        [214.4142, 228.8055, 224.1162, 239.4777, 253.5456, 252.8988, 251.9286,\n",
       "         253.3839, 260.0136, 264.5412, 260.9838, 269.7156, 258.7200, 253.2222,\n",
       "         259.5285, 262.2774, 261.4689, 259.2051, 269.8773, 255.9711, 262.1157,\n",
       "         260.8221, 264.5412, 265.5114, 273.5964, 269.2305, 273.9198, 282.4899,\n",
       "         292.1919, 283.2984],\n",
       "        [212.5578, 226.8245, 222.1758, 237.4043, 251.3504, 250.7092, 249.7474,\n",
       "         251.1901, 257.7624, 262.2508, 258.7242, 267.3804, 256.4800, 251.0298,\n",
       "         257.2815, 260.0066, 259.2051, 256.9609, 267.5407, 253.7549, 259.8463,\n",
       "         258.5639, 262.2508, 263.2126, 271.2276, 266.8995, 271.5482, 280.0441,\n",
       "         289.6621, 280.8456],\n",
       "        [221.3094, 236.1635, 231.3234, 247.1789, 261.6992, 261.0316, 260.0302,\n",
       "         261.5323, 268.3752, 273.0484, 269.3766, 278.3892, 267.0400, 261.3654,\n",
       "         267.8745, 270.7118, 269.8773, 267.5407, 278.5561, 264.2027, 270.5449,\n",
       "         269.2097, 273.0484, 274.0498, 282.3948, 277.8885, 282.7286, 291.5743,\n",
       "         301.5883, 292.4088],\n",
       "        [209.9058, 223.9945, 219.4038, 234.4423, 248.2144, 247.5812, 246.6314,\n",
       "         248.0561, 254.5464, 258.9788, 255.4962, 264.0444, 253.2800, 247.8978,\n",
       "         254.0715, 256.7626, 255.9711, 253.7549, 264.2027, 250.5889, 256.6043,\n",
       "         255.3379, 258.9788, 259.9286, 267.8436, 263.5695, 268.1602, 276.5501,\n",
       "         286.0481, 277.3416],\n",
       "        [214.9446, 229.3715, 224.6706, 240.0701, 254.1728, 253.5244, 252.5518,\n",
       "         254.0107, 260.6568, 265.1956, 261.6294, 270.3828, 259.3600, 253.8486,\n",
       "         260.1705, 262.9262, 262.1157, 259.8463, 270.5449, 256.6043, 262.7641,\n",
       "         261.4673, 265.1956, 266.1682, 274.2732, 269.8965, 274.5974, 283.1887,\n",
       "         292.9147, 283.9992],\n",
       "        [213.8838, 228.2395, 223.5618, 238.8853, 252.9184, 252.2732, 251.3054,\n",
       "         252.7571, 259.3704, 263.8868, 260.3382, 269.0484, 258.0800, 252.5958,\n",
       "         258.8865, 261.6286, 260.8221, 258.5639, 269.2097, 255.3379, 261.4673,\n",
       "         260.1769, 263.8868, 264.8546, 272.9196, 268.5645, 273.2422, 281.7911,\n",
       "         291.4691, 282.5976],\n",
       "        [216.9336, 231.4940, 226.7496, 242.2916, 256.5248, 255.8704, 254.8888,\n",
       "         256.3612, 263.0688, 267.6496, 264.0504, 272.8848, 261.7600, 256.1976,\n",
       "         262.5780, 265.3592, 264.5412, 262.2508, 273.0484, 258.9788, 265.1956,\n",
       "         263.8868, 267.6496, 268.6312, 276.8112, 272.3940, 277.1384, 285.8092,\n",
       "         295.6252, 286.6272],\n",
       "        [217.7292, 232.3430, 227.5812, 243.1802, 257.4656, 256.8088, 255.8236,\n",
       "         257.3014, 264.0336, 268.6312, 265.0188, 273.8856, 262.7200, 257.1372,\n",
       "         263.5410, 266.3324, 265.5114, 263.2126, 274.0498, 259.9286, 266.1682,\n",
       "         264.8546, 268.6312, 269.6164, 277.8264, 273.3930, 278.1548, 286.8574,\n",
       "         296.7094, 287.6784],\n",
       "        [224.3592, 239.4180, 234.5112, 250.5852, 265.3056, 264.6288, 263.6136,\n",
       "         265.1364, 272.0736, 276.8112, 273.0888, 282.2256, 270.7200, 264.9672,\n",
       "         271.5660, 274.4424, 273.5964, 271.2276, 282.3948, 267.8436, 274.2732,\n",
       "         272.9196, 276.8112, 277.8264, 286.2864, 281.7180, 286.6248, 295.5924,\n",
       "         305.7444, 296.4384],\n",
       "        [220.7790, 235.5975, 230.7690, 246.5865, 261.0720, 260.4060, 259.4070,\n",
       "         260.9055, 267.7320, 272.3940, 268.7310, 277.7220, 266.4000, 260.7390,\n",
       "         267.2325, 270.0630, 269.2305, 266.8995, 277.8885, 263.5695, 269.8965,\n",
       "         268.5645, 272.3940, 273.3930, 281.7180, 277.2225, 282.0510, 290.8755,\n",
       "         300.8655, 291.7080],\n",
       "        [224.6244, 239.7010, 234.7884, 250.8814, 265.6192, 264.9416, 263.9252,\n",
       "         265.4498, 272.3952, 277.1384, 273.4116, 282.5592, 271.0400, 265.2804,\n",
       "         271.8870, 274.7668, 273.9198, 271.5482, 282.7286, 268.1602, 274.5974,\n",
       "         273.2422, 277.1384, 278.1548, 286.6248, 282.0510, 286.9636, 295.9418,\n",
       "         306.1058, 296.7888],\n",
       "        [231.6522, 247.2005, 242.1342, 258.7307, 273.9296, 273.2308, 272.1826,\n",
       "         273.7549, 280.9176, 285.8092, 281.9658, 291.3996, 279.5200, 273.5802,\n",
       "         280.3935, 283.3634, 282.4899, 280.0441, 291.5743, 276.5501, 283.1887,\n",
       "         281.7911, 285.8092, 286.8574, 295.5924, 290.8755, 295.9418, 305.2009,\n",
       "         315.6829, 306.0744],\n",
       "        [239.6082, 255.6905, 250.4502, 267.6167, 283.3376, 282.6148, 281.5306,\n",
       "         283.1569, 290.5656, 295.6252, 291.6498, 301.4076, 289.1200, 282.9762,\n",
       "         290.0235, 293.0954, 292.1919, 289.6621, 301.5883, 286.0481, 292.9147,\n",
       "         291.4691, 295.6252, 296.7094, 305.7444, 300.8655, 306.1058, 315.6829,\n",
       "         326.5249, 316.5864],\n",
       "        [232.3152, 247.9080, 242.8272, 259.4712, 274.7136, 274.0128, 272.9616,\n",
       "         274.5384, 281.7216, 286.6272, 282.7728, 292.2336, 280.3200, 274.3632,\n",
       "         281.1960, 284.1744, 283.2984, 280.8456, 292.4088, 277.3416, 283.9992,\n",
       "         282.5976, 286.6272, 287.6784, 296.4384, 291.7080, 296.7888, 306.0744,\n",
       "         316.5864, 306.9504]])"
      ]
     },
     "execution_count": 37,
     "metadata": {},
     "output_type": "execute_result"
    }
   ],
   "source": [
    "torch.inverse(torch.matmul(y_val.T, y_val))"
   ]
  },
  {
   "cell_type": "code",
   "execution_count": null,
   "id": "866b6cb1",
   "metadata": {},
   "outputs": [],
   "source": []
  }
 ],
 "metadata": {
  "kernelspec": {
   "display_name": "Python 3 (ipykernel)",
   "language": "python",
   "name": "python3"
  },
  "language_info": {
   "codemirror_mode": {
    "name": "ipython",
    "version": 3
   },
   "file_extension": ".py",
   "mimetype": "text/x-python",
   "name": "python",
   "nbconvert_exporter": "python",
   "pygments_lexer": "ipython3",
   "version": "3.9.12"
  }
 },
 "nbformat": 4,
 "nbformat_minor": 5
}
